0	86	95	91	91	92	92
86	0	94	92	88	88	91
95	94	0	97	95	95	97
91	92	97	0	92	94	95
91	88	95	92	0	89	92
92	88	95	94	89	0	91
92	91	97	95	92	91	0
