0.487060968563 0.00287617003969 0.167318157933 8.40964461286e-11 0.34274470338 
0.00947718673909 0.156980235092 0.320863437483 0.414467923268 0.0982112174176 
0.591823279387 0.00125098835337 0.106831808922 1.75539690409e-11 0.30009392332 
0.321471258768 0.106949966849 0.46924022458 0.0662615914165 0.036076958386 
0.0852201724636 0.336494842971 0.32018816715 0.19711456585 0.0609822515645 
0.106700884738 0.381927261067 0.247553984336 0.16800001554 0.0958178543196 
0.509578789221 0.00141664449277 0.123953017513 4.39256201422e-11 0.365051548729 
0.623334696078 0.00134842854611 0.0382428233013 7.94728216208e-11 0.337074051995 
0.746439822088 0.00125764511093 0.0905822642826 4.72499896484e-11 0.161720268471 
0.198552185339 0.00376615400264 0.0454727740008 0.33519144769 0.417017438968 
0.546615758795 0.00142310834981 0.115879509423 1.38975954976e-10 0.336081623292 
0.587761043572 0.0531407254685 0.278472270994 0.00153168523682 0.0790942747286 
0.321593782487 0.000699826767009 0.1277372571 1.64225640336e-10 0.549969133481 
0.590794253004 0.000741133467761 0.0590154891037 2.92696704434e-11 0.349449124395 
0.714794097329 0.000617211403778 0.0241041331709 2.46309734526e-11 0.260484558072 
0.531442594122 0.000902154336358 0.187079278878 1.12631229628e-10 0.28057597255 
0.682796281368 0.00168516991859 0.0551400572183 6.52922569387e-11 0.26037849143 
0.250189977149 0.0986206350059 0.380824791241 0.0210965542988 0.249268042306 
0.339108623946 0.213523502239 0.143007839951 0.039547078387 0.264812955477 
0.825667961224 0.00186393367465 0.13234619275 3.50168466307e-12 0.0401219123483 
0.0607501755962 0.102440232456 0.0912241738767 0.0622354066788 0.683350011392 
0.588586170545 0.00553589104364 0.180259954229 4.5385681259e-11 0.225617984137 
0.274515346036 0.317511857371 0.161720209738 0.197515611974 0.0487369748822 
0.624412609526 0.00289890175825 0.136984061903 1.00589594284e-10 0.235704426712 
0.353201877846 0.00347096658098 0.220463367069 4.13371291702e-12 0.422863788501 
0.454072025762 0.00282152117457 0.0666904401438 1.89999698762e-10 0.476416012729 
0.612805038539 0.00259780110177 0.175376284728 1.31964719611e-10 0.209220875498 
0.532900478838 3.08678735388e-06 0.297801197045 1.12199845738e-10 0.169295237217 
0.0630481159873 0.11201230517 0.625846883672 0.0115353763455 0.187557318825 
0.371896964789 0.102909294958 0.0366692277117 0.347027055018 0.141497457524 
0.830213267433 0.000695120418042 0.163839554658 1.25273682639e-10 0.00525205736566 
0.27736228793 0.00933987979904 0.0307441621775 0.671945371199 0.0106082988946 
0.507839899968 0.00583457149817 0.304980311367 1.90473085395e-10 0.181345216976 
0.175435330456 0.0186834716863 0.0364365111542 5.33342754794e-06 0.769439353276 
0.454090555804 0.00460690489794 0.503525304546 1.87219022027e-10 0.0377772345649 
0.206397304353 0.0754967193782 0.0581662611946 0.658356454895 0.00158326017918 
0.678225182684 0.00195936443997 0.0769468876822 6.61053870046e-11 0.242868565128 
0.041572593379 0.203573803576 0.494074275844 0.163988539428 0.0967907877734 
0.558199666995 0.00223321465453 0.166696757433 3.33247310485e-11 0.272870360884 
0.590680447427 0.223737138486 0.0291838746408 2.35318280334e-08 0.156398515914 
0.844126631184 0.00256841411155 0.00589368778496 6.4905548137e-11 0.147411266854 
0.711627296317 0.00199901061554 0.0898994293002 4.25948367723e-11 0.196474263725 
0.573978643495 0.00941321662644 0.0420689014549 4.06628105344e-10 0.374539238017 
0.762798370347 0.000596236365765 0.110089557536 1.6216800393e-10 0.126515835589 
0.0313090962306 0.000145772188182 0.149581875419 1.18045452915e-10 0.818963256044 
0.140464145237 0.00312239236005 0.174059724696 4.37684478826e-11 0.682353737663 
0.117644549501 0.563067421317 0.175817759193 0.112342765204 0.031127504785 
0.405517919555 0.000571666021547 0.088897354463 1.90561851387e-10 0.50501305977 
0.569225597825 0.000841660915122 0.143150621147 5.46465368359e-11 0.286782120059 
0.142502440202 0.28493536237 0.546756730421 0.0178438004259 0.00796166658069 
0.776574790317 0.00218227079997 0.0478242573316 6.88857849976e-11 0.173418681482 
0.397593879849 0.00213094464005 0.0820067114408 1.26272243889e-10 0.518268463944 
0.272479596166 0.490827889588 0.0971376834241 0.0209838312113 0.11857099961 
0.0441972548856 0.00357939463435 0.252878294261 1.82718976325e-10 0.699345056036 
0.706602690802 0.004477279921 0.0491768405293 9.0035141229e-11 0.239743188658 
0.727706045488 0.00284820029106 0.224006722229 5.37332682264e-11 0.0454390319383 
0.834864376439 0.00162499725438 0.128478181993 4.1002116917e-11 0.0350324442726 
0.229000364899 0.176660404084 0.502531331232 0.0561573737778 0.0356505260062 
0.404339756904 0.003515685756 0.403061653539 1.14243822948e-10 0.189082903687 
0.369462386546 0.0833806241861 0.258207665065 0.0098054239193 0.279143900284 
0.222305852792 0.00192911437964 0.0756218464619 1.54829851919e-10 0.700143186212 
0.17638359134 0.00372410127462 0.40076380097 8.397535743e-11 0.419128506332 
0.648196919837 0.00235784767966 0.108637726656 1.49132002119e-10 0.240807505678 
0.0485534852181 0.56526091011 0.324143042562 0.0295504065916 0.0324921555182 
0.823840212944 0.000600130190213 0.0132144788096 1.00054066799e-10 0.162345177957 
0.563970487229 0.00169508863348 0.0768573624409 9.81397772839e-11 0.357477061599 
0.57926890444 0.000225508146288 0.135348590538 7.69863237828e-11 0.285156996799 
0.346151913001 0.018966574539 0.2092247641 0.347139592587 0.0785171557734 
0.601704410084 0.00364138259978 0.043518536765 4.43297830839e-10 0.351135670107 
0.347550097823 0.00631649063737 0.0194953364579 1.19818515866e-10 0.626638074962 
0.181283163456 0.446036747312 0.0632997337121 0.154527643718 0.154852711802 
0.725227870135 0.00126270740474 0.112834678967 7.03414047365e-11 0.160674743423 
0.812843041303 8.55020122866e-05 0.0966412413831 1.16365296424e-10 0.0904302151853 
0.635666798309 0.00161443890646 0.260730728181 1.36676727083e-10 0.101988034466 
0.666336051837 0.00141045442445 0.225736526783 1.19211647449e-10 0.106516966836 
0.00674467706708 0.039055396842 0.231112927842 0.405809362001 0.317277636249 
0.0127478223667 0.505224741211 0.256256524465 0.00171893442196 0.224051977535 
0.228796943535 0.00864624940099 0.134964857504 2.48835573242e-11 0.627591949534 
0.641387705432 0.000262118987286 0.0849700631969 4.84664204119e-11 0.273380112335 
0.512916352538 0.0016567273241 0.0265458671621 4.62926130238e-11 0.45888105293 
0.138532838513 0.00461727859843 0.403625756731 8.68598601388e-11 0.45322412607 
0.695142030001 0.00105577788217 0.195618196888 1.09097525531e-10 0.10818399512 
0.339147881651 0.00353066594142 0.0661758456847 9.75814149573e-11 0.591145606626 
0.250675216361 0.0831733360391 0.053061406462 0.457315683847 0.155774357291 
0.483470925693 0.00189809951802 0.147726284081 3.66395801826e-11 0.366904690671 
0.424031793695 2.93003427119e-05 0.151946933486 9.40365196229e-11 0.423991972382 
0.331555423669 0.00296627013707 0.0709442273116 0.5727198537 0.0218142251819 
0.0307792177321 0.0768231330647 0.527313758425 0.251631415717 0.113452475061 
0.334308389605 0.00818893815209 0.352258557698 0.282608904453 0.0226352100915 
0.0393424652935 0.00467868155741 0.17349628496 1.7617039084e-11 0.782482568171 
0.414018213241 0.0030058208601 0.0327535397854 1.33557494235e-10 0.55022242598 
0.0845352913517 0.00911441633651 0.331290109128 0.537243866823 0.0378163163601 
0.531126902661 0.00124925026974 0.149616394957 2.36554307292e-11 0.318007452089 
0.509167507187 0.000742396280604 0.209205116809 3.11113244086e-11 0.280884979692 
0.642966009831 0.00132168603104 0.12808115355 8.69764469269e-11 0.227631150501 
0.173146088335 0.0440266780775 0.086046595034 0.638750823703 0.0580298148512 
0.225341705375 0.0627082355032 0.343451037856 0.33074850964 0.037750511626 
0.781335987308 0.00372386730482 0.185064109722 9.4671355569e-11 0.0298760355709 
0.773639462325 0.000291964802291 0.176066918154 1.35202699644e-10 0.0500016545833 
0.354081704613 0.102024398257 0.00873867632071 0.246496573163 0.288658647646 
0.534915450639 0.000547824086106 0.0974164094716 5.99334261034e-11 0.367120315744 
0.30287792798 0.112162732722 0.221009189718 0.104984658213 0.258965491368 
0.455077166885 0.00250808894476 0.142972411708 4.9847915972e-11 0.399442332412 
0.109998280926 0.00318128183091 0.00415619468535 2.31692062967e-10 0.882664242326 
0.450117978237 0.00371055161406 0.162909849326 1.49728475396e-10 0.383261620673 
0.0343624823119 0.591536657024 0.155647240061 0.189382458095 0.0290711625075 
0.156721997456 0.200422556687 0.53701150895 0.0220330250138 0.083810911893 
0.417969755525 0.00121518564709 0.158817063934 5.33694529227e-11 0.421997994841 
0.31417195923 0.000416026282737 0.24453384533 1.29254021864e-10 0.440878169027 
0.169912979846 0.181949451421 0.392822831163 0.0136012996942 0.241713437876 
0.712633846824 0.000339101218031 0.0970037675468 7.42599651953e-11 0.190023284337 
0.776279469456 9.02234713974e-05 0.217915471435 3.97602690631e-11 0.00571483559816 
0.509481873256 0.000912264467101 0.433493982919 1.80229130784e-10 0.056111879178 
0.628209676159 0.00368285430074 0.0629628582959 8.5211730063e-11 0.305144611159 
0.136724105507 0.473695969095 0.245453287225 0.0290147141379 0.115111924035 
0.679479223703 0.00176630170695 0.074014612642 9.92305467831e-11 0.244739861849 
0.146382224346 0.275303594301 0.0633448688568 0.37510469832 0.139864614176 
0.46461560396 0.0017413831395 0.0213022876581 6.66442847707e-11 0.512340725176 
0.00147191618876 0.37084127138 0.18024281653 0.432372800887 0.0150711950145 
0.381570840994 0.00294664967605 0.328196781772 1.70626343349e-10 0.287285727387 
0.361280296276 0.000284504731646 0.238573557611 9.34048160783e-11 0.399861641288 
0.282587209604 0.00394003340981 0.176170433608 3.00998715875e-11 0.537302323348 
0.531344107661 0.00207766410076 0.156860271191 4.66418208435e-11 0.309717957001 
