0.00206615159043 0.0124181747581 0.00840411313374 0.029570880309 0.947540680209 
0.330587378805 0.0024463992176 0.247977022912 0.385343467486 0.0336457315794 
0.00172296944367 0.127352139823 0.00020589388373 0.0981731726644 0.772545824185 
0.000442164904148 0.054030111265 0.0429960771707 0.738467588744 0.164064057916 
0.0138231016814 0.428055475394 0.153746206543 0.391413881398 0.0129613349844 
0.149506598184 0.0298594425955 0.494116880762 0.312821781302 0.0136952971564 
0.00221029912776 0.326727484517 0.00903973619377 0.13374794016 0.528274540001 
0.000684667315228 0.195384514068 0.00782004195009 0.0603165910969 0.735794185569 
0.00119181304277 0.225674885463 0.00447231247866 0.0392483038712 0.729412685144 
0.00513648302837 0.157718295958 0.738585004308 0.0240380903173 0.0745221263888 
0.000917819559301 0.141464014617 0.00647377410052 0.107220485107 0.743923906617 
0.000900366886477 0.0689035756301 0.118630758712 0.204689378479 0.606875920292 
0.00622910697785 0.665433942932 0.0139435018986 0.201091412032 0.11330203616 
0.000397865011103 0.119923537652 0.000722607280378 0.0245457928429 0.854410197214 
0.00331924952041 0.163786050562 0.00216355702113 0.0854252822676 0.745305860629 
0.00290329826081 0.216210934835 0.00894800188284 0.201690903488 0.570246861533 
0.000250714501834 0.0907220173601 0.00662939462127 0.0131373859617 0.889260487555 
0.0934363696896 0.0710177887684 0.18152361891 0.284714746558 0.369307476073 
0.00154144647566 0.227185901568 0.116082479413 0.58462313671 0.0705670358326 
0.000655768052395 0.106358405385 0.00084468358813 0.0966921452109 0.795448997764 
0.313800307432 0.101147897615 0.0104605135738 0.360979241611 0.213612039769 
0.00909671333842 0.639587246522 0.00760362744798 0.281216300077 0.0624961126145 
0.0888365950558 0.39684432296 0.334418881798 0.16277474509 0.0171254550954 
0.0028756431969 0.367028413591 0.00250602541773 0.113481698981 0.514108218813 
0.00256140538873 0.327016625069 0.00555669697203 0.0567935650008 0.60807170757 
0.00308371967693 0.527326865399 0.000639327718317 0.0806736153126 0.388276471893 
0.000910469645326 0.256961700137 0.00292694743623 0.0220062475708 0.71719463521 
0.00134741781727 0.215658798774 0.000985702693744 0.0236100522834 0.758398028431 
0.00268940197778 0.321798888265 0.340384894634 0.203670754651 0.131456060472 
0.246316841704 0.0119006381284 0.226954459281 0.384381922998 0.130446137889 
0.0186336148139 0.307214760286 0.013236477276 0.48931889943 0.171596248194 
0.412089997956 0.582318355002 0.000332971306557 9.86383753233e-05 0.00516003735953 
0.0048695118698 0.380284228979 0.00629404818666 0.0432938675858 0.565258343379 
0.11578578811 0.758299771249 0.000158811639445 0.0138174313613 0.11193819764 
0.00242599699813 0.153572799876 0.00985123140166 0.131161554859 0.702988416864 
0.409395953192 0.000188062727384 0.235382707769 0.343066421809 0.0119668545022 
0.00563869455621 0.356874510912 0.00990028335113 0.172160265931 0.45542624525 
0.00176505618343 0.0601207586316 0.854528034681 0.0179299056254 0.0656562448784 
0.00176354273025 0.0866152583296 0.00244079582272 0.0318257342654 0.877354668852 
0.308598030219 0.410893765808 0.0100878808509 0.112593003995 0.157827319127 
0.0068573257188 0.532925239579 0.00460086724448 0.151085851111 0.304530716347 
0.000479324480966 0.301892880514 0.00636141925067 0.0674266285427 0.623839747212 
0.000496804836813 0.179714798657 0.000820828098716 0.0881524139845 0.730815154423 
0.0102260878551 0.0700499059097 0.0126519847007 0.345742126267 0.561329895267 
0.00090799208565 0.263216157501 0.00276935654972 0.0573410586691 0.675765435194 
0.00215771850851 0.136051212568 0.00204922034094 0.0636439972023 0.79609785138 
0.000452145388525 0.00736764956933 0.739022330878 0.233658864879 0.0194990092844 
0.00194459514574 0.227612317139 0.00463010565295 0.0450813470514 0.720731635011 
0.00201815814592 0.150267105373 0.00301984573153 0.00124976842446 0.843445122325 
0.00122607869575 0.0286117869238 0.182067561656 0.75677566139 0.0313189113344 
0.00290530708492 0.148728229681 0.0136291732357 0.122761702466 0.711975587533 
0.00025205082248 0.327816323143 0.00415471294369 0.0495209817204 0.61825593137 
0.000970353218275 0.0529595246904 0.569678692843 0.251566534767 0.124824894481 
0.000672524272519 0.346808082759 0.0138911709567 0.248676482537 0.389951739474 
0.00170795090425 0.0865133917691 0.00155186250339 0.042548509155 0.867678285668 
0.000888352472819 0.226946164034 0.00459664104773 0.0408468156788 0.726722026766 
0.000576509584037 0.494470706295 0.00718568706179 0.10380164501 0.393965452049 
0.000591919398853 0.00223746799235 0.339043945946 0.434117062023 0.224009604639 
0.00367353194407 0.304856429201 0.00299275171844 0.0438003415133 0.644676945623 
0.00208023088382 0.0822986703806 0.105865849469 0.273343098798 0.536412150469 
0.00110573440883 0.231259732325 0.00683371001368 0.00908766803841 0.751713155214 
0.0014771717507 0.169862123163 0.000588331523584 0.0955712846346 0.732501088928 
0.00113440669428 0.16385232889 0.00580584221137 0.0938106349341 0.73539678727 
9.2318034307e-05 0.0186734338239 0.711184685533 0.269611746072 0.000437816536014 
0.00246591375304 0.229806310321 0.0012359733634 0.0303658017793 0.736126000783 
0.00537638391078 0.533786143573 0.00886068174766 0.128315695836 0.323661094932 
0.00136277599137 0.335444948812 0.00586011962331 0.014682082013 0.64265007356 
0.351641557956 0.0905380660487 0.0753381330814 0.370227062497 0.112255180416 
0.0010825582811 0.663525878022 0.0095555949486 0.0991457906992 0.226690178049 
0.0118148997385 0.157954458003 0.0166024048852 0.342935237946 0.470692999427 
0.000264239959334 0.0121798897052 0.528945150831 0.366554539027 0.0920561804775 
0.00532200167571 0.436455425763 0.00413438387957 0.236275254855 0.317812933826 
0.00270861399115 0.14217162734 0.00603049468549 0.0251819374567 0.823907326526 
0.00173748036968 0.506514671597 0.000133673850569 0.13477630309 0.356837871093 
0.0152493783332 0.173690638159 0.0347677471567 0.168670809083 0.607621427268 
0.292628861678 0.181340351016 0.411748031255 0.0998023029297 0.0144804531212 
0.0465596124554 0.397022623964 0.137308955606 0.38226862562 0.0368401823552 
0.00338669065411 0.0261894633819 0.00206654273589 0.0389403969112 0.929416906317 
0.00813316666076 0.395760365687 0.0196707466058 0.257422749535 0.319012971511 
0.00269029231892 0.314382975276 0.00206574176499 0.0734391479995 0.60742184264 
0.00282278667773 0.108264886144 0.00231131765198 0.0630556025661 0.82354540696 
0.00737002969766 0.613816351789 0.0294521675177 0.202920937071 0.146440513924 
0.00194208612725 0.315875971051 0.00337363398799 0.0756437899656 0.603164518868 
0.483485066189 0.242934651269 0.110555071806 0.0896627292734 0.0733624814616 
0.00170632642236 0.0689356581583 0.00352234644566 0.0549515608721 0.870884108102 
0.000251088988514 0.487365832245 0.000488676762813 0.0313708231649 0.480523578838 
0.928347820541 0.0123290766352 0.00018620446591 0.0370021898555 0.0221347085027 
0.00157955294648 0.0513730086066 0.486604940032 0.399665364386 0.0607771340292 
0.529838765904 0.20845228607 0.0057525887249 0.161037201249 0.0949191580521 
0.00139905047967 0.375412433622 0.000807751255398 0.0298996856378 0.592481079005 
0.00344730654468 0.629345076189 0.0179371599627 0.185706530223 0.163563927081 
0.000207524783055 2.64587185071e-05 0.61465224339 0.384018933936 0.00109483917262 
0.00758412007435 0.280383431479 0.0131223591612 0.113443076338 0.585467012948 
0.000595654671512 0.134858595353 0.00449894260384 0.0632421166131 0.796804690758 
0.000888629291807 0.00566526532763 0.00762795826105 0.0553362773689 0.930481869751 
0.687905874382 0.00368114223202 0.0647192014134 0.225507486823 0.0181862951499 
0.000539600883649 0.0199784928537 0.470041869657 0.458885961822 0.050554074783 
0.000687598336307 0.265906766816 0.00511192204184 0.0500584322002 0.678235280606 
0.000700554141297 0.248241449111 0.000208088706084 0.103104916809 0.647744991233 
0.457177672776 0.0234569370771 0.193279114958 0.036038514998 0.290047760191 
0.00560392029266 0.562627404127 0.000334097212002 0.0621162051997 0.369318373168 
0.0520609762534 0.533708896399 0.0386372360579 0.271792876751 0.103800014539 
0.0086811462052 0.013360372569 0.00567561358766 0.00555493700671 0.966727930631 
0.00223492101655 0.294093083696 0.00543712484831 0.0621152806587 0.63611958978 
0.00470269712698 0.42869348606 0.00183546742109 0.10696446312 0.457803886271 
0.0500559493242 4.24655248045e-05 0.828962256446 0.0930372307899 0.0279020979153 
0.00083520087143 0.0609038806496 0.354583085951 0.335090436045 0.248587396483 
0.00335874784675 0.251603417724 0.000173522224895 0.108465102243 0.636399209961 
0.00580037935466 0.217653840435 0.0295592161473 0.357188580278 0.389797983784 
0.00055785328604 0.00800943797575 0.00864103057586 0.618034197117 0.364757481045 
0.00058409334803 0.0915507140932 0.00888707212688 0.12190215536 0.777075965072 
0.00184477731324 0.610561371172 0.00771611488833 0.128247417011 0.251630319615 
0.00411045084087 0.777177016986 0.0232693859069 0.0400661035477 0.155377042718 
0.00263368013412 0.0811310594443 0.00352904505707 0.0216244319988 0.891081783366 
0.000142141783503 0.00690808999078 0.0757539965978 0.859111063762 0.0580847078662 
0.00403477790422 0.207187354538 0.0125051536235 0.0181221452859 0.758150568648 
6.21360015322e-06 0.0049372546428 0.549181965584 0.417342685181 0.028531880992 
0.00298943795748 0.363571431452 0.00179332679633 0.0687102967696 0.562935507025 
1.26084870158e-05 0.00041078424662 0.870538437775 0.12799934834 0.00103882115076 
0.000438801932693 0.338729107587 0.00369248504359 0.0232005648862 0.63393904055 
0.00151992698193 0.209567436873 0.00318001855401 0.0730032698866 0.712729347704 
0.0058788885441 0.406543290078 0.0123354682959 0.0582248222914 0.51701753079 
0.00429234005118 0.0697985399389 0.00186189958504 0.117789789264 0.806257431161 
