0.874871483127 3.46245333522e-29 0.125128516873 
0.770653961002 0.229346038998 1.16685383372e-19 
0.549573998503 0.359423831266 0.0910021702317 
0.925829078169 0.0741709218309 3.9896303603e-29 
0.647751641412 0.170043663867 0.182204694721 
0.611464107027 0.33766702777 0.0508688652022 
0.604575799726 0.295321711052 0.100102489222 
0.963187050229 0.0368129497711 2.73599817696e-19 
0.335613223923 0.49754919869 0.166837577387 
1.06611667423e-28 0.746829410297 0.253170589703 
0.50872875128 0.0672626958172 0.424008552903 
0.564389235354 0.192381926058 0.243228838588 
0.803064282237 0.196935717763 1.98036431771e-17 
0.333333333333 0.333333333333 0.333333333333 
9.26948949253e-31 0.499704128895 0.500295871105 
2.62682058765e-27 0.688404227865 0.311595772135 
0.78609861779 0.179313403238 0.0345879789719 
0.975013789681 0.0249862103187 2.94197992949e-28 
0.583046546707 0.416953453293 2.71297278788e-18 
0.899897189167 7.29438992501e-29 0.100102810833 
0.820048342699 0.179951657301 2.35040196109e-21 
0.692875606769 0.307124393231 5.51906885237e-29 
1.104203631e-36 0.24999419131 0.75000580869 
0.677294331356 0.322705668644 2.02694279181e-29 
0.34357525048 0.65642474952 3.3721348779e-17 
1.05709212466e-122 4.94681877027e-81 1.0 
0.152972470313 2.36302973668e-29 0.847027529687 
0.552046739639 0.402429110426 0.0455241499347 
1.92041194167e-31 1.0 1.17562617755e-41 
0.831927239114 0.0835764342886 0.0844963265977 
2.18256541978e-26 0.829467670487 0.170532329513 
0.933335368481 0.066664631519 1.38101155681e-30 
1.28998559056e-25 0.248971054804 0.751028945196 
1.12355454432e-123 8.98217680964e-82 1.0 
0.402942987063 0.597057012937 2.06637748181e-28 
0.167836937948 0.244277669682 0.587885392369 
0.868018045147 0.131981954853 8.95450529835e-17 
0.342227987673 0.657772012327 1.58526016634e-15 
2.12945401439e-29 1.0 1.55987240189e-43 
0.470043507519 4.04177710032e-30 0.529956492481 
0.406914745001 0.392647204561 0.200438050438 
1.73381391476e-32 0.624916193847 0.375083806153 
3.14712664118e-122 1.09840055385e-80 1.0 
3.0962806825e-25 0.886435887865 0.113564112135 
2.29861044904e-23 1.0 3.28608596431e-22 
3.31012131525e-31 1.0 1.68873763214e-40 
0.180974063951 3.21403218706e-29 0.819025936049 
0.180609120411 0.33133358084 0.488057298749 
0.559814361376 0.440185638624 7.63565953385e-28 
0.678924609531 0.246877423185 0.0741979672838 
